0 60 0 3.498804 34.98804 4000 0.01978234 0 0 0.5 0.9168167 0.9168167 -Infinity -Infinity 0 1 1 0 0
1 100 0 3.169274 -3.295302 4000 0 0 0 0.5 0.9669313 0.9669313 -0.6251859 -0.6251859 0 1 1 0 0
2 100 0 4.183044 10.1377 4000 0.01978234 0 0 0.5 0.9734895 0.9734895 0.03316762 0.03316762 0 1 1 0 0
3 100 0 5.295763 11.12719 4000 0.01978234 0 0 0.5 0.9822662 0.9822662 -0.01978596 -0.01978596 0 1 1 0 0
4 100 0 6.21335 9.175868 4000 0 0.01978234 0 0.5 0.9863258 0.9863258 0.0005352788 0.0005352788 0 1 1 0 0
5 100 0 7.509082 12.95732 4000 0 0 0 0.5 0.9871151 0.9871151 -7.304463E-05 -7.304463E-05 0 1 1 0 0
6 100 0 8.929629 14.20547 4000 0 0 0 0.5 0.9871625 0.9871625 0.001985712 0.001985712 0 1 1 0 0
7 100 0 10.28289 13.53256 4000 0 0 0 0.5 0.9873108 0.9873108 0.002916656 0.002916656 0 1 1 0 0
8 100 0 11.55443 12.71546 4000 0 0 0 0.5 0.9875411 0.9875411 0.003463404 0.003463404 0 1 1 0 0
9 100 0 12.81927 12.64838 4000 0 0 0 0.5 0.9876833 0.9876833 0.003623187 0.003623187 0 1 1 0 0
10 100 0 14.09573 12.76455 4000 0 0.01978234 0 0.5 0.9877335 0.9877335 0.003803484 0.003803484 -1 1 1 0 0
11 100 0 15.36337 12.67643 4000 0.01978234 0 0 0.5 0.98775 0.98775 0.003782035 0.003782035 1 1 1 0 0
12 100 0 16.61073 12.47365 4000 0 0 0 0.5 0.9877584 0.9877584 0.003657752 0.003657752 0 1 1 0 0
13 100 0 17.84233 12.31602 4000 0 0 0 0.5 0.9877549 0.9877549 0.003467471 0.003467471 0 1 1 0 0
14 100 0 19.18713 13.44791 4000 0 0 0 0.5 0.9876505 0.9876505 -0.9680686 -0.9680686 0 1 1 0 0
15 100 0 20.42309 12.3596 4000 0 0 0 0.5 0.9876142 0.9876142 -1.56501 -1.56501 0 1 1 0 0
16 100 0 21.45567 10.32579 4000 0 0 0 0.5 0.9876725 0.9876725 0.05246535 0.05246535 0 1 1 0 0
17 100 0 22.88635 14.30689 4000 0 0 0 0.5 0.9874898 0.9874898 -4.174966 -4.174966 0 1 1 0 0
18 100 0 24.04135 11.54997 4000 0 0 0 0.5 0.9874536 0.9874536 -2.379814 -2.379814 0 1 1 0 0
19 100 0 25.10586 10.6451 4000 0 0 0 0.5 0.9874517 0.9874517 -0.5781251 -0.5781251 0 1 1 0 0
20 100 0 26.26311 11.57244 4000 0 0 0 0.5 0.9873909 0.9873909 -0.6137651 -0.6137651 0 1 1 0 0
21 100 0 27.41891 11.558 4000 0.01978234 0 0 0.5 0.9873213 0.9873213 -0.717064 -0.717064 1 1 1 0 0
22 100 0 28.5971 11.7819 4000 0.01978234 0.01978234 0 0.5 0.987234 0.987234 -1.204093 -1.204109 0 1 1 0 0
23 100 0 29.71243 11.15332 4000 0 0 0 0.5 0.9871678 0.9871678 -1.098769 -1.098734 0 1 1 0 0
24 100 0 30.81426 11.01831 4000 0.01978234 0 0 0.5 0.9871005 0.9871005 -0.9960578 -0.9960601 1 1 1 0 0
25 100 0 31.90123 10.86975 4000 0 0 0 0.5 0.9870324 0.9870324 -0.8780704 -0.8780698 0 1 1 0 0
26 100 0 32.97307 10.71838 4000 0 0 0 0.5 0.9869639 0.9869639 -0.7488728 -0.7488728 0 1 1 0 0
27 100 0 34.03217 10.59101 4000 0 0 0 0.5 0.9868941 0.9868941 -0.6332483 -0.6332483 0 1 1 0 0
28 100 0 35.08627 10.541 4000 0 0 0 0.5 0.9868204 0.9868204 -0.5712484 -0.5712484 0 1 1 0 0
29 100 0 36.13307 10.46795 4000 0 0 0 0.5 0.986744 0.986744 -0.5345765 -0.5345765 0 1 1 0 0
30 100 0 37.16953 10.36461 4000 0 0 0 0.5 0.9866662 0.9866662 -0.5026761 -0.5026773 0 1 1 0 0
31 100 0 38.19523 10.25703 4000 0 0 0 0.5 0.9865874 0.9865874 -0.472684 -0.472684 0 1 1 0 0
32 100 0 39.21015 10.14915 4000 0 0.01978234 0 0.5 0.9865077 0.9865077 -0.4436501 -0.4436501 -1 1 1 0 0
33 100 0 40.21428 10.04135 4000 0 0.01978234 0 0.5 0.9864272 0.9864272 -0.4150701 -0.4150698 -1 1 1 0 0
34 11.42857 -5 41.15474 9.404564 4000 0.05595291 0.04845664 0 0.5 0.9856573 0.9856591 -0.4182865 -0.3586791 1 1 1 0 0
35 11.42857 -5 42.08935 9.346085 4000 0.4865827 0.4796977 0 0.5 0.9844349 0.984449 -0.4319681 -0.2916805 1 1 1 0 0
36 11.42857 -5 43.03874 9.493904 4000 0.5059038 0.4909863 0 0.5 0.9830772 0.9831017 -0.4124366 -0.2524484 1 1 1 0 0
37 11.42857 -5 43.98434 9.455986 4000 0.3769049 0.3522151 0 0.5 0.9815699 0.9816044 -0.3916801 -0.2104346 1 1 1 0 0
38 11.42857 -5 44.91924 9.349022 4000 0.235734 0.2017412 0 0.5 0.9798886 0.979939 -0.3681284 -0.1615836 1 1 1 0 0
39 11.42857 -5 45.83998 9.207382 4000 0.1119058 0.07132625 0 0.5 0.9780056 0.9780783 -0.3391126 -0.104925 1 1 1 0 0
40 11.42857 -5 46.74426 9.042816 4000 0 0.04845664 0 0.5 0.9758862 0.9759877 -0.3061464 -0.0375897 -1 1 1 0 0
41 11.42857 -5 47.63821 8.939514 4000 0.09065408 0.1519511 0 0.5 0.9734807 0.9736202 -0.2692297 0.01441075 -1 1 1 0 0
42 11.42857 -5 48.53014 8.919258 4000 0.1724585 0.2430897 0 0.5 0.970724 0.9709147 -0.2264093 0.02740121 -1 1 1 0 0
43 11.42857 -5 49.41141 8.812752 4000 0.254109 0.3333784 0 0.5 0.9675431 0.9678025 -0.1727604 0.02929519 -1 1 1 0 0
44 11.42857 -5 50.27719 8.657837 4000 0.3339648 0.4210443 0 0.5 0.9638388 0.9641911 -0.1048257 0.03035348 -1 1 1 0 0
45 11.42857 -5 51.13296 8.557663 4000 0.4121198 0.5059038 0 0.5 0.9594685 0.9599487 -0.04806759 0.03127469 -1 1 1 0 0
46 11.42857 -5 51.98909 8.561249 4000 0.4897892 0.5891711 0 0.5 0.9542307 0.9548895 -0.03300906 0.03161766 -1 1 1 0 0
47 11.42857 -5 52.83876 8.49678 4000 0.5682068 0.6717301 0 0.5 0.9478535 0.9487676 -0.03151659 0.03165944 -1 1 1 0 0
48 11.42857 -5 53.67843 8.396683 4000 0.64589 0.7527748 0 0.5 0.9399324 0.9412209 -0.03140394 0.03165643 -1 1 1 0 0
49 11.42857 -5 54.50774 8.293076 4000 0.7246976 0.8332174 0 0.5 0.9298387 0.9316959 -0.03139431 0.03164841 -1 1 1 0 0
50 11.42857 -5 55.3267 8.189583 4000 0.8038125 0.9130027 0 0.5 0.9165481 0.9193085 -0.03139029 0.03163875 -1 1 1 0 0
51 11.42857 -5 56.13538 8.086777 4000 0.8840382 0.9926839 0 0.5 0.8982724 0.9025557 -0.03138757 0.03162866 -1 1 1 0 0
52 11.42857 -5 56.93379 7.984123 4000 0.9661109 1.071737 0 0.5 0.8715832 0.8786591 -0.03138519 0.031618 -1 1 1 0 0
53 11.42857 -5 57.72201 7.882233 4000 1.048479 1.14978 0 0.5 0.8289736 0.8418469 -0.03138359 0.03160717 -1 1 1 0 0
54 11.42857 -5 58.50295 7.809372 4000 1.131596 1.227167 0 0.5 0.749846 0.7777251 -0.03141758 0.03155455 -1 1 1 0 0
55 11.42857 -5 59.57 10.67055 4000 1.193702 1.281611 0 0.5 0.4158812 0.5939779 -0.03276622 0.02949284 -1 1 1 0 0
56 11.42857 -5 59.87747 3.074684 4000 1.396617 1.475782 0 0.5 -0.0336995 0.1394009 -0.0307507 0.03705472 -1 0 0 0 0
57 11.42857 -5 59.46864 -4.088326 4000 1.476975 1.545477 0 0.5 -0.01045485 0.08967551 -0.02997406 0.0345192 -1 0 0 0 0
58 11.42857 -5 59.04713 -4.215088 4000 1.473925 1.531229 0 0.5 -0.0004864354 0.079209 -0.02922997 0.03367955 -1 0 0 0 0
59 11.42857 -5 58.6283 -4.188347 4000 1.448073 1.493576 0 0.5 0.004094609 0.07669666 -0.0288184 0.03340388 -1 0 0 0 0
60 11.42857 -5 58.21508 -4.132118 4000 1.4143 1.447533 0 0.5 0.006515512 0.07610603 -0.02859524 0.03329539 -1 0 0 0 0
61 11.42857 -5 57.80828 -4.068069 4000 1.378566 1.398718 0 0.5 0.007903479 0.07599523 -0.02846369 0.03323051 -1 0 0 0 0
62 11.42857 -5 57.40798 -4.002991 4000 1.344648 1.351905 0 0.5 0.008502505 0.07597069 -0.02839537 0.03319181 -1 0 0 0 0
63 11.42857 -5 57.01406 -3.939133 4000 1.312986 1.30746 0 0.5 0.008378761 0.07596315 -0.02837684 0.03317015 1 0 0 0 0
64 11.42857 -5 56.62642 -3.876495 4000 1.282679 1.264394 0 0.5 0.007536665 0.0759629 -0.02839688 0.03315069 1 0 0 0 0
65 11.42857 -5 56.24501 -3.814011 4000 1.254606 1.224133 0 0.5 0.005812724 0.07594161 -0.02845541 0.03312205 1 0 0 0 0
66 11.42857 -5 55.86988 -3.751335 4000 1.226529 1.184156 0 0.5 0.002786915 0.07586855 -0.02856482 0.03307764 1 0 0 0 0
67 11.42857 -5 55.50114 -3.687401 4000 1.199262 1.145347 0 0.5 -0.002318507 0.07570986 -0.02875142 0.03300657 1 0 0 0 0
68 11.42857 -5 55.13913 -3.620148 4000 1.172364 1.108005 0 0.5 -0.01076963 0.07541348 -0.02906175 0.03289024 1 0 0 0 0
69 11.42857 -5 54.78423 -3.548965 4000 1.145176 1.071371 0 0.5 -0.02416972 0.07489023 -0.02955456 0.03270625 1 0 0 0 0
70 11.42857 -5 54.43671 -3.475151 4000 1.117501 1.034765 0 0.5 -0.04404119 0.07402284 -0.0302854 0.03243363 1 0 0 0 0
71 11.42857 -5 54.10034 -3.363724 4000 1.088585 0.99858 0 0.5 -0.08391616 0.07247598 -0.03161679 0.03192803 1 0 0 0 0
72 11.42857 -5 53.78616 -3.141823 4000 1.058694 0.9626616 0 0.5 -0.1909132 0.06902081 -0.03512357 0.03065399 1 0 0 0 0
73 11.42857 -5 53.46824 -3.179169 4000 1.033061 0.9314623 0 0.5 -0.2681669 0.06245816 -0.04079362 0.02903683 1 0 0 0 0
74 11.42857 -5 53.13845 -3.297882 4000 1.003662 0.8983104 0 0.5 -0.2741104 0.05507411 -0.04285372 0.02844872 1 0 0 0 0
75 11.42857 -5 52.81311 -3.253479 4000 0.9719669 0.8643403 0 0.5 -0.279208 0.04712771 -0.0439835 0.02796673 1 0 0 0 0
76 11.42857 -5 52.49266 -3.204422 4000 0.940036 0.8313364 0 0.5 -0.2839876 0.03841389 -0.04509817 0.02745944 1 0 0 0 0
77 11.42857 -5 52.17705 -3.156128 4000 0.9074131 0.798439 0 0.5 -0.2885555 0.02904198 -0.04629902 0.02691898 1 0 0 0 0
78 11.42857 -5 51.8667 -3.103523 4000 0.8749159 0.7674484 0 0.5 -0.2929223 0.01747008 -0.04763269 0.02630056 1 0 0 0 0
79 11.42857 -5 51.56309 -3.036079 4000 0.8418618 0.7367479 0 0.5 -0.29715 -0.001153348 -0.04921558 0.02543829 1 0 0 0 0
80 11.42857 -5 51.26953 -2.9356 4000 0.8089085 0.707759 0 0.5 -0.3013448 -0.0386566 -0.05131593 0.02393046 1 0 0 0 0
81 11.42857 -5 50.99003 -2.795029 4000 0.7755645 0.6783969 0 0.5 -0.3057172 -0.1142356 -0.05450998 0.0208561 1 0 0 0 0
82 11.42857 -5 50.70728 -2.827454 4000 0.7393991 0.6480072 0 0.5 -0.3097129 -0.1669306 -0.05860576 0.01697096 1 0 0 0 0
83 11.42857 -5 50.41733 -2.899513 4000 0.7035998 0.6196041 0 0.5 -0.3131582 -0.1758883 -0.06225551 0.01518944 1 0 0 0 0
84 11.42857 -5 50.13053 -2.868042 4000 0.6688108 0.591822 0 0.5 -0.3163742 -0.1815943 -0.06583026 0.01412911 1 0 0 0 0
85 11.42857 -5 49.84779 -2.827339 4000 0.633656 0.5657911 0 0.5 -0.3193956 -0.1868735 -0.06989035 0.01309037 1 0 0 0 0
86 11.42857 -5 49.56923 -2.785683 4000 0.598071 0.5392296 0 0.5 -0.3222836 -0.1918645 -0.07486274 0.01198564 1 0 0 0 0
87 11.42857 -5 49.2949 -2.743225 4000 0.562322 0.5124369 0 0.5 -0.3250363 -0.1966032 -0.08132219 0.01078955 1 0 0 0 0
88 11.42857 -5 49.02502 -2.698784 4000 0.5256317 0.4861804 0 0.5 -0.3276625 -0.2011024 -0.0902896 0.00947059 1 0 0 0 0
89 11.42857 -5 48.76001 -2.650108 4000 0.4901886 0.4609765 0 0.5 -0.3301868 -0.2054065 -0.1038161 0.007978912 1 0 0 0 0
90 11.42857 -5 48.50082 -2.591896 4000 0.453703 0.4347627 0 0.5 -0.3326391 -0.2095651 -0.126414 0.006218726 1 0 0 0 0
91 11.42857 -5 48.24925 -2.515755 4000 0.4168407 0.4092611 0 0.5 -0.335061 -0.2136788 -0.1675179 0.004001256 1 0 0 0 0
92 11.42857 -5 48.0057 -2.435455 4000 0.3810355 0.3841043 0 0.5 -0.3374061 -0.2177532 -0.2337595 0.001070465 -1 0 0 0 0
93 11.42857 -5 47.76215 -2.435493 4000 0.3460502 0.3593647 0 0.5 -0.3394946 -0.2215725 -0.2877952 -0.002362427 -1 0 0 0 0
94 11.42857 -5 47.51542 -2.467384 4000 0.311533 0.3357179 0 0.5 -0.3413375 -0.2249967 -0.3076535 -0.005702621 -1 0 0 0 0
95 11.42857 -5 47.27035 -2.450638 4000 0.276953 0.3121604 0 0.5 -0.3430752 -0.2281895 -0.3179758 -0.009073424 -1 0 0 0 0
96 11.42857 -5 47.02848 -2.418709 4000 0.2438933 0.289391 0 0.5 -0.3446745 -0.2312002 -0.3268823 -0.01282584 -1 0 0 0 0
97 11.42857 -5 46.79 -2.384758 4000 0.2102893 0.2646699 0 0.5 -0.3462343 -0.2340975 -0.3353241 -0.01725734 -1 0 0 0 0
98 11.42857 -5 46.55499 -2.350159 4000 0.1802258 0.2430897 0 0.5 -0.3477111 -0.2368658 -0.3433824 -0.02271161 -1 0 0 0 0
99 11.42857 -5 46.32353 -2.314606 4000 0.1493534 0.2193969 0 0.5 -0.3491095 -0.2395092 -0.3511747 -0.02971722 -1 0 0 0 0
100 11.42857 -5 46.0958 -2.277298 4000 0.1219466 0.1988102 0 0.5 -0.3504222 -0.2420562 -0.3587158 -0.03916665 -1 0 0 0 0
101 11.42857 -5 45.8721 -2.236977 4000 0.09065408 0.1791368 0 0.5 -0.3516779 -0.2445 -0.3660905 -0.0526573 -1 0 0 0 0
102 11.42857 -5 45.65303 -2.190742 4000 0.0656106 0.1570175 0 0.5 -0.3529069 -0.2468904 -0.3733777 -0.07300841 -1 0 0 0 0
103 11.42857 -5 45.43921 -2.138176 4000 0.03956468 0.1384764 0 0.5 -0.3541213 -0.2492386 -0.3806666 -0.1040979 -1 0 0 0 0
104 11.42857 -5 45.23008 -2.091331 4000 0.01978234 0.1170339 0 0.5 -0.3552281 -0.2514855 -0.3879755 -0.1454323 -1 0 0 0 0
105 11.42857 -5 45.02219 -2.078896 4000 0 0.09891172 0 0.5 -0.3563436 -0.2535516 -0.3950387 -0.1821042 -1 0 0 0 0
106 11.42857 -5 44.81358 -2.086067 4000 0.02797645 0.07661667 0 0.5 -0.3571615 -0.2554179 -0.4015913 -0.202801 -1 0 0 0 0
107 11.42857 -5 44.606 -2.075806 4000 0.04845664 0.05595291 0 0.5 -0.3581328 -0.2571372 -0.4077789 -0.2146201 -1 0 0 0 0
108 11.42857 -5 44.40065 -2.053528 4000 0.06852804 0.03956468 0 0.5 -0.3586963 -0.2587866 -0.4137713 -0.2238338 1 0 0 0 0
109 11.42857 -5 44.19791 -2.027321 4000 0.08392937 0.01978234 0 0.5 -0.3596779 -0.260347 -0.4196133 -0.2321853 1 0 0 0 0
110 11.42857 -5 43.99768 -2.002373 4000 0.1027921 0 0 0.5 -0.3598441 -0.2618338 -0.4253109 -0.240032 1 0 0 0 0
111 11.42857 -5 43.80022 -1.974564 4000 0.1219466 0.01978234 0 0.5 -0.3613257 -0.263246 -0.4308949 -0.2474851 1 0 0 0 0
112 11.42857 -5 43.60485 -1.953659 4000 0.1341704 0.03956468 0 0.5 -0.3595559 -0.2645492 -0.4363763 -0.2546006 1 0 0 0 0
113 11.42857 -5 43.41343 -1.914215 4000 0.1493534 0.05233916 0 0.5 -0.3675626 -0.2658743 -0.4416445 -0.2614053 1 0 0 0 0
114 11.42857 -5 43.21905 -1.943855 4000 0.1607125 0.0656106 0 0.5 -0.3372909 -0.2668688 -0.4472043 -0.2680182 1 0 0 0 0
115 11.42857 -5 43.04516 -1.738892 4000 0.1758294 0.08392937 0 0.5 -0.4379749 -0.2687071 -0.4510828 -0.2740602 1 0 0 0 0
116 11.42857 -5 42.8281 -2.170563 4000 0.1802258 0.09487279 0 0.5 -0.2227098 -0.2677985 -0.458782 -0.2806103 1 0 0 0 0
117 11.42857 -5 42.69032 -1.377831 4000 0.1997919 0.1219466 0 0.5 -0.5519509 -0.2725076 -0.4579973 -0.2848938 1 0 0 0 0
118 11.42857 -5 42.46154 -2.28775 4000 0.1968319 0.1282042 0 0.5 -0.2025061 -0.2675695 -0.4691789 -0.2923039 1 0 0 0 0
119 11.42857 -5 42.33395 -1.275902 4000 0.2176059 0.1532334 0 0.5 -0.566462 -0.2768298 -0.4676444 -0.2960749 1 0 0 0 0
120 11.42857 -5 42.1069 -2.270584 4000 0.2130625 0.1570175 0 0.5 -0.1969477 -0.2660181 -0.4788372 -0.303444 1 0 0 0 0
121 11.42857 -5 41.98718 -1.197128 4000 0.23239 0.1834539 0 0.5 -0.5805466 -0.2830799 -0.4768971 -0.306636 1 0 0 0 0
122 11.42857 -5 41.7609 -2.26284 4000 0.2255535 0.1855749 0 0.5 -0.191162 -0.2608405 -0.4881734 -0.3141299 1 0 0 0 0
123 11.42857 -5 41.65028 -1.106224 4000 0.2438933 0.2130625 0 0.5 -0.5942195 -0.2950369 -0.4858739 -0.316588 1 0 0 0 0
124 11.42857 -5 41.42216 -2.281113 4000 0.2390311 0.2176059 0 0.5 -0.1860623 -0.2439218 -0.4972274 -0.3244843 1 0 0 0 0
125 11.42857 -5 41.32574 -0.964241 4000 0.254109 0.2414744 0 0.5 -0.6075671 -0.3321923 -0.4944696 -0.3255756 1 0 0 0 0
126 11.42857 -5 41.08509 -2.406502 4000 0.2502292 0.2462883 0 0.5 -0.1812567 -0.1849336 -0.5060548 -0.3349038 1 0 0 0 0
127 11.42857 -5 41.0132 -0.7188797 4000 0.2609472 0.2668786 0 0.5 -0.6202617 -0.3996228 -0.5023109 -0.3328613 -1 0 0 0 0
128 11.42857 -5 40.76073 -2.524719 4000 0.2594432 0.2748253 0 0.5 -0.1772957 -0.1513813 -0.5146336 -0.3447542 -1 0 0 0 0
129 11.42857 -5 40.70248 -0.5825424 4000 0.2697954 0.2947506 0 0.5 -0.6334939 -0.4174541 -0.5104291 -0.3412055 -1 0 0 0 0
130 11.42857 -5 40.44955 -2.529259 4000 0.2705197 0.3032579 0 0.5 -0.1744748 -0.1438493 -0.5228531 -0.3538741 -1 0 0 0 0
131 11.42857 -5 40.39931 -0.5023956 4000 0.2797648 0.3214254 0 0.5 -0.6475793 -0.4297695 -0.5185766 -0.349631 -1 0 0 0 0
132 11.42857 -5 40.14693 -2.523766 4000 0.2790645 0.3286494 0 0.5 -0.1727165 -0.1378175 -0.530865 -0.3626282 -1 0 0 0 0
133 11.42857 -5 40.10408 -0.4285431 4000 0.289391 0.3471792 0 0.5 -0.662638 -0.4415088 -0.5266258 -0.3578161 -1 0 0 0 0
134 11.42857 -5 39.85267 -2.514076 4000 0.2900664 0.354982 0 0.5 -0.1729799 -0.1326055 -0.5386618 -0.3710568 -1 0 0 0 0
135 71.42858 -5 39.98356 1.308861 4000 0.2940859 0.3669084 0 0.5 0.2679397 0.2381677 -0.5078123 -0.3364734 -1 1 1 0 0
136 100 -5 41.91008 19.26525 4000 0.2818553 0.3609944 0 0.5 0.3568015 0.3993794 -0.4618078 -0.2784063 -1 1 1 0 0
137 11.42857 -5 42.60174 6.91658 4000 0.1724585 0.2586879 0 0.5 0.3669738 0.3981062 -0.38971 -0.1773366 -1 1 1 0 0
138 11.42857 -5 42.46222 -1.395226 4000 0.06852804 0.1619255 0 0.5 0.3586087 0.355333 -0.423315 -0.1998996 -1 1 1 0 0
139 11.42857 -5 42.26183 -2.003937 4000 0.04423466 0.1398823 0 0.5 0.3675751 0.3791171 -0.417632 -0.2127103 -1 1 1 0 0
140 11.42857 -5 42.09569 -1.661377 4000 0.03426402 0.1356209 0 0.5 0.3519349 0.3725305 -0.4177258 -0.2111523 -1 1 1 0 0
141 11.42857 -5 41.88473 -2.109566 4000 0.04423466 0.1467098 0 0.5 0.3961 0.3824858 -0.4227936 -0.2195498 -1 1 1 0 0
142 11.42857 -5 41.78346 -1.012726 4000 0.05934703 0.1643245 0 0.5 0.2837288 0.3757402 -0.4360337 -0.235498 -1 1 1 0 0
143 11.42857 -5 41.53236 -2.510986 4000 0.06852804 0.174713 0 0.5 0.4061586 0.3842181 -0.4323529 -0.2400723 -1 1 1 0 0
144 11.42857 -5 41.44208 -0.9028244 4000 0.08392937 0.1948336 0 0.5 0.2797666 0.3791193 -0.4452725 -0.2509297 -1 1 1 0 0
145 11.42857 -5 41.19077 -2.513123 4000 0.09691329 0.2046302 0 0.5 0.4101299 0.3882175 -0.4417814 -0.2542741 -1 1 1 0 0
146 11.42857 -5 41.10966 -0.8110428 4000 0.1153499 0.2246843 0 0.5 0.2775583 0.3811106 -0.4556375 -0.265444 -1 1 1 0 0
147 11.42857 -5 40.85807 -2.515907 4000 0.1266688 0.234068 0 0.5 0.4133277 0.392655 -0.4507752 -0.267285 -1 1 1 0 0
148 11.42857 -5 40.78691 -0.7115555 4000 0.1480375 0.2525642 0 0.5 0.275037 0.3813759 -0.4652604 -0.2782973 -1 1 1 0 0
149 11.42857 -5 40.53244 -2.544708 4000 0.1594904 0.2624426 0 0.5 0.4164946 0.3991028 -0.4593327 -0.2789726 -1 1 1 0 0
150 11.42857 -5 40.47592 -0.5652618 4000 0.1823842 0.2811602 0 0.5 0.2719324 0.3767674 -0.4748563 -0.2905136 -1 1 1 0 0
151 11.42857 -5 40.2114 -2.645187 4000 0.1968319 0.2900664 0 0.5 0.4194841 0.4109037 -0.4672782 -0.2894419 -1 1 1 0 0
152 11.42857 -5 40.18575 -0.2564621 4000 0.2167048 0.3058279 0 0.5 0.2686633 0.3512008 -0.4848817 -0.3029502 -1 1 1 0 0
153 11.42857 -5 39.89681 -2.889404 4000 0.23239 0.3165178 0 0.5 0.4223686 0.4247771 -0.4746839 -0.2989972 -1 1 1 0 0
154 71.42858 -5 40.54312 6.463051 4000 0.2533378 0.3304307 0 0.5 0.05171436 0.2110101 -0.509706 -0.3270322 -1 0 1 0 0
155 11.42857 -5 40.74393 2.008095 4000 0.2510099 0.3208161 0 0.5 0.3322618 0.3710156 -0.4570603 -0.2666447 -1 1 1 0 0
156 11.42857 -5 40.50923 -2.346992 4000 0.2281412 0.2920831 0 0.5 0.4165643 0.4108138 -0.46346 -0.2825376 -1 1 1 0 0
157 11.42857 -5 40.47803 -0.3119659 4000 0.2373883 0.2920831 0 0.5 0.2718269 0.3496255 -0.478105 -0.2951957 -1 1 1 0 0
158 11.42857 -5 40.18964 -2.883911 4000 0.249446 0.2960753 0 0.5 0.4197327 0.4200331 -0.4659368 -0.2882287 -1 1 1 0 0
159 11.42857 -5 40.1798 -0.09838104 4000 0.2697954 0.3090104 0 0.5 0.2681681 0.3365226 -0.4855484 -0.3035589 -1 1 1 0 0
160 11.42857 -5 39.88188 -2.979202 4000 0.2866737 0.3183671 0 0.5 0.4225348 0.425696 -0.4753571 -0.2998358 -1 1 1 0 0
161 71.42858 -5 40.52937 6.474838 4000 0.3109043 0.3316129 0 0.5 0.05180207 0.2100596 -0.5101816 -0.3276879 -1 0 1 0 0
162 11.42857 -5 40.72976 2.003975 4000 0.309643 0.3220336 0 0.5 0.3321085 0.3715959 -0.4573386 -0.2670406 -1 1 1 0 0
163 11.42857 -5 40.49542 -2.343407 4000 0.2900664 0.2947506 0 0.5 0.4167231 0.4108458 -0.4638163 -0.2830099 -1 1 1 0 0
164 11.42857 -5 40.4636 -0.3181839 4000 0.1988102 0.191797 0 0.5 0.2719437 0.3470076 -0.479459 -0.2947965 1 1 1 0 0
165 11.42857 -5 40.17077 -2.928314 4000 0.1958353 0.1813082 0 0.5 0.4201639 0.4202393 -0.4672881 -0.2872333 1 1 1 0 0
166 11.42857 -5 40.16122 -0.09555817 4000 0.2797648 0.2571706 0 0.5 0.2677542 0.335494 -0.4861073 -0.3041239 1 1 1 0 0
167 11.42857 -5 39.86198 -2.992401 4000 0.3274564 0.2960753 0 0.5 0.4226905 0.4260235 -0.4757823 -0.3005653 1 1 1 0 0
168 71.42858 -5 40.51022 6.482468 4000 0.3636945 0.3238513 0 0.5 0.05108868 0.209182 -0.5108658 -0.3282926 1 0 1 0 0
169 11.42857 -5 40.71059 2.00367 4000 0.3690354 0.3202056 0 0.5 0.3312229 0.3719745 -0.4579869 -0.2676893 1 1 1 0 0
170 11.42857 -5 40.47597 -2.346191 4000 0.3499859 0.2927522 0 0.5 0.4168932 0.4110441 -0.4643355 -0.283728 1 1 1 0 0
171 11.42857 -5 40.44579 -0.3018188 4000 0.3593647 0.2940859 0 0.5 0.2714768 0.3493962 -0.479093 -0.2964114 1 1 1 0 0
172 11.42857 -5 40.15701 -2.88784 4000 0.3700944 0.2973941 0 0.5 0.4200175 0.4205635 -0.4667711 -0.2892962 1 1 1 0 0
173 11.42857 -5 40.14852 -0.08483887 4000 0.3891652 0.3102743 0 0.5 0.2678966 0.3359455 -0.4864937 -0.3047144 1 1 1 0 0
174 11.42857 -5 39.85015 -2.983742 4000 0.4054182 0.3208161 0 0.5 0.4228173 0.4261422 -0.4761857 -0.3008538 1 1 1 0 0
175 71.42858 -5 40.49906 6.489105 4000 0.4252063 0.3351346 0 0.5 0.05085184 0.2089651 -0.511147 -0.3288065 1 0 1 0 0
176 11.42857 -5 40.69974 2.006836 4000 0.4201138 0.3250574 0 0.5 0.3308776 0.3720682 -0.458313 -0.2681777 1 1 1 0 0
177 11.42857 -5 40.46499 -2.347488 4000 0.3956476 0.2960753 0 0.5 0.4169974 0.4112162 -0.4646373 -0.2841097 1 1 1 0 0
178 11.42857 -5 40.43532 -0.2967072 4000 0.3995845 0.2973941 0 0.5 0.2713588 0.3491681 -0.4794206 -0.2968057 1 1 1 0 0
179 11.42857 -5 40.14632 -2.890015 4000 0.4049352 0.2993615 0 0.5 0.4201136 0.4207569 -0.4670432 -0.289653 1 1 1 0 0
180 11.42857 -5 40.1383 -0.08018494 4000 0.4196478 0.3127867 0 0.5 0.2678168 0.3357505 -0.4867999 -0.3050957 1 1 1 0 0
181 11.42857 -5 39.83977 -2.985306 4000 0.4302385 0.3214254 0 0.5 0.4229093 0.4262879 -0.4764512 -0.3011781 1 1 1 0 0
182 71.42858 -5 40.48915 6.493797 4000 0.4449939 0.3357179 0 0.5 0.05055158 0.208614 -0.5114625 -0.3291711 1 0 1 0 0
183 11.42857 -5 40.68994 2.007866 4000 0.4356619 0.3262592 0 0.5 0.3304755 0.3722254 -0.4586183 -0.2685458 1 1 1 0 0
184 11.42857 -5 40.45506 -2.348824 4000 0.4054182 0.2973941 0 0.5 0.4170848 0.4113383 -0.4648934 -0.284459 1 1 1 0 0
185 11.42857 -5 40.42579 -0.2926636 4000 0.4039676 0.2973941 0 0.5 0.2712594 0.3490014 -0.4796992 -0.2971602 1 1 1 0 0
186 11.42857 -5 40.13663 -2.891617 4000 0.4044518 0.301316 0 0.5 0.4202009 0.4209253 -0.4673076 -0.2899719 1 1 1 0 0
187 11.42857 -5 40.12902 -0.07602692 4000 0.4135417 0.3134116 0 0.5 0.2677305 0.3355735 -0.4870804 -0.3054428 1 1 1 0 0
188 11.42857 -5 39.83036 -2.986603 4000 0.4191812 0.3220336 0 0.5 0.4229908 0.4264174 -0.4766899 -0.3014718 1 1 1 0 0
189 71.42858 -5 40.48018 6.498108 4000 0.4288719 0.3368816 0 0.5 0.05026549 0.2082938 -0.5117544 -0.3295037 1 0 1 0 0
190 11.42857 -5 40.68105 2.008781 4000 0.4135417 0.3268583 0 0.5 0.3300959 0.3723601 -0.4589127 -0.2688876 1 1 1 0 0
191 11.42857 -5 40.44603 -2.350273 4000 0.3789758 0.2987071 0 0.5 0.4171643 0.4114546 -0.4651194 -0.2847767 1 1 1 0 0
192 11.42857 -5 40.41712 -0.2890778 4000 0.3727285 0.2987071 0 0.5 0.2711718 0.3488456 -0.4799567 -0.2974832 1 1 1 0 0
193 11.47857 -5 40.12779 -2.893295 4000 0.3679734 0.3006659 0.002364051 0.5 0.4202828 0.4210805 -0.4675303 -0.2902602 1 1 1 0 0
194 11.77857 -5 40.12684 -0.009460449 4000 0.3732531 0.3134116 0.002576953 0.5 0.2639667 0.3340285 -0.4875008 -0.3058818 1 1 1 0 0
195 12.07857 -5 39.83703 -2.89814 4000 0.3748225 0.3226406 0.002789974 0.5 0.4245242 0.4269642 -0.4766697 -0.3014646 1 1 1 0 0
196 12.37857 -5 39.87579 0.3876495 4000 0.3820612 0.3374619 0.003000153 0.5 0.2494983 0.3243028 -0.4963386 -0.3166907 1 1 1 0 0
197 12.67857 -5 39.59181 -2.839851 4000 0.3815486 0.3460502 0.00320986 0.5 0.4274517 0.4304386 -0.4829101 -0.3090341 1 1 1 0 0
198 12.97857 -5 39.66397 0.7216644 4000 0.386643 0.3599087 0.00341578 0.5 0.2391568 0.3170976 -0.5033034 -0.3247842 1 1 1 0 0
199 13.27856 -5 39.39045 -2.735214 4000 0.3841043 0.3663747 0.003620279 0.5 0.4292835 0.4330553 -0.4886868 -0.3156675 1 1 1 0 0
200 13.57856 -5 39.4915 1.010437 4000 0.3876539 0.3774237 0.003820518 0.5 0.232505 0.311487 -0.5088995 -0.3312823 1 1 1 0 0
201 13.87856 -5 39.23159 -2.599106 4000 0.3830841 0.382573 0.004018864 0.5 0.4302844 0.4347403 -0.493234 -0.3207799 1 1 1 0 0
202 14.17855 -5 39.35819 1.26606 4000 0.3846134 0.393167 0.004211884 0.5 0.2280509 0.3071637 -0.5132066 -0.3362111 1 1 1 0 0
203 14.47855 -5 39.11387 -2.443199 4000 0.3784592 0.3966355 0.0044023 0.5 0.4306647 0.4357034 -0.4967618 -0.3246481 1 1 1 0 0
204 14.77854 -5 39.26361 1.497421 4000 0.3784592 0.4044518 0.004587036 0.5 0.2247232 0.3039608 -0.5163226 -0.3397246 1 1 1 0 0
205 15.07854 -5 39.03584 -2.277756 4000 0.3711503 0.4059005 0.004768458 0.5 0.4309568 0.4359974 -0.4992212 -0.3272763 1 1 1 0 0
206 15.37854 -5 39.20459 1.687508 4000 0.3690354 0.4125943 0.004943135 0.5 0.22796 0.301906 -0.5180603 -0.3417613 1 1 1 0 0
207 15.67853 -5 39.00206 -2.025261 4000 0.3615361 0.4121198 0.005113906 0.5 0.4236223 0.435508 -0.5011165 -0.3291285 1 1 1 0 0
208 15.97853 -5 39.20893 2.06871 4000 0.3599087 0.4182466 0.005277222 0.5 0.1641374 0.2991251 -0.5211566 -0.3440533 1 0 1 0 0
209 16.27852 -5 39.07523 -1.33709 4000 0.3516591 0.4177785 0.00543604 0.5 0.2976153 0.4347056 -0.5103508 -0.3338876 1 1 1 0 0
210 16.57852 -5 39.15141 0.761795 4000 0.3454843 0.4177785 0.005587048 0.5 0.3301353 0.3017424 -0.5107617 -0.3393671 1 1 1 0 0
211 16.87852 -5 39.07189 -0.7951736 4000 0.3403488 0.4196478 0.005732256 0.5 0.3694418 0.4317941 -0.5037205 -0.3309247 1 1 1 0 0
212 17.17851 -5 39.13361 0.6171799 4000 0.3195939 0.4039676 0.005871193 0.5 0.4409565 0.2981178 -0.5049493 -0.3337218 1 1 1 0 0
213 17.47851 -5 39.09309 -0.4051208 4000 0.3220336 0.4130683 0.006000543 0.5 0.43909 0.4325809 -0.4995524 -0.3258624 1 1 1 0 0
214 17.77851 -5 39.22363 1.305351 4000 0.3090104 0.403483 0.006124214 0.5 0.4290389 0.3090936 -0.5044112 -0.33135 1 1 1 0 0
215 18.0785 -5 39.28476 0.6113052 4000 0.311533 0.4102162 0.00623818 0.5 0.3031203 0.4266019 -0.5055811 -0.3282425 1 1 1 0 0
216 18.3785 -5 39.42575 1.40995 4000 0.302612 0.4049352 0.006344335 0.5 0.3031014 0.2980288 -0.5054185 -0.3323452 1 1 1 0 0
217 18.67849 -5 39.42344 -0.02311707 4000 0.2993615 0.4044518 0.006442797 0.5 0.300505 0.4253097 -0.4988824 -0.3241688 1 1 1 0 0
218 18.97849 -5 39.57597 1.525269 4000 0.2853053 0.392669 0.006533804 0.5 0.3032921 0.3046342 -0.5013857 -0.3273739 1 1 1 0 0
219 19.27849 -5 39.59248 0.1651382 4000 0.2832403 0.3916711 0.006615344 0.5 0.3078139 0.4208718 -0.494432 -0.3189963 1 1 1 0 0
220 19.57848 -5 39.75106 1.58577 4000 0.268341 0.3774237 0.006688007 0.5 0.3219779 0.3065317 -0.4957145 -0.3207546 1 1 1 0 0
221 19.87848 -5 39.76643 0.153656 4000 0.2639296 0.3727285 0.00675002 0.5 0.3613383 0.4175679 -0.4871232 -0.311248 1 1 1 0 0
222 20.17847 -5 39.89902 1.325989 4000 0.2438933 0.3522151 0.006801737 0.5 0.425506 0.3138747 -0.4855362 -0.3095827 1 1 1 0 0
223 20.47847 -5 39.98436 0.8533478 4000 0.2470815 0.3522151 0.006839489 0.5 0.388061 0.4135884 -0.4814439 -0.3028797 1 1 1 0 0
224 20.77847 -5 40.26388 2.795181 4000 0.2406627 0.3449174 0.006865288 0.5 0.2036937 0.3180198 -0.4897704 -0.3076046 1 1 1 0 0
225 21.07846 -5 40.23614 -0.2773666 4000 0.2289973 0.329838 0.006881264 0.5 0.4080018 0.408005 -0.472739 -0.2938107 1 1 1 0 0
226 21.37846 -5 40.52418 2.880402 4000 0.2272819 0.3250574 0.006882921 0.5 0.2329205 0.3269914 -0.4806575 -0.297056 1 1 1 0 0
227 21.67846 -5 40.52874 0.04562378 4000 0.2148914 0.3064671 0.006874873 0.5 0.4125471 0.4002447 -0.4641373 -0.2841908 1 1 1 0 0
228 21.97845 -5 40.7834 2.546539 4000 0.2093567 0.2967354 0.006853335 0.5 0.3175359 0.3376577 -0.4681638 -0.2838465 1 1 1 0 0
229 22.27845 -5 40.8694 0.8599854 4000 0.2017412 0.2832403 0.00681937 0.5 0.3911662 0.3902998 -0.4567791 -0.2742051 1 1 1 0 0
230 22.57844 -5 41.15947 2.900696 4000 0.1997919 0.2733976 0.006771085 0.5 0.2204007 0.3439814 -0.4622717 -0.2736263 1 1 1 0 0
231 22.87844 -5 41.22104 0.6156921 4000 0.1834539 0.2517883 0.006711203 0.5 0.3947922 0.378866 -0.4476989 -0.2614812 1 1 1 0 0
232 23.17844 -5 41.49901 2.779732 4000 0.1834539 0.2422834 0.006635107 0.5 0.2591984 0.3510511 -0.4500049 -0.2588166 1 1 1 0 0
233 23.47843 -5 41.60834 1.093292 4000 0.1713202 0.2238118 0.006546585 0.5 0.3860764 0.3663304 -0.4376992 -0.2479214 1 1 1 0 0
234 23.77843 -5 41.88604 2.777061 4000 0.1690205 0.2130625 0.006442443 0.5 0.2562122 0.353447 -0.4386199 -0.2432064 1 1 1 0 0
235 24.07842 -5 42.01616 1.301117 4000 0.1545051 0.1887116 0.006325163 0.5 0.3827461 0.3562056 -0.4266675 -0.2316234 1 1 1 0 0
236 24.37842 -5 42.29183 2.756729 4000 0.1519511 0.1758294 0.006191079 0.5 0.2737646 0.3506465 -0.425626 -0.2248673 1 1 1 0 0
237 24.67842 -5 42.45144 1.596107 4000 0.1370561 0.1532334 0.006042792 0.5 0.3730587 0.3488391 -0.4148116 -0.2125973 1 1 1 0 0
238 24.97841 -5 42.72943 2.779961 4000 0.132704 0.1370561 0.005877702 0.5 0.2794143 0.3448498 -0.4121591 -0.203284 1 1 1 0 0
239 25.27841 -5 42.90967 1.80233 4000 0.1170339 0.1136409 0.005697463 0.5 0.3639303 0.3421454 -0.4016927 -0.1889528 1 1 1 0 0
240 25.57841 -5 43.18744 2.777748 4000 0.1136409 0.09891172 0.005499828 0.5 0.2910587 0.3382342 -0.3973069 -0.1756948 1 1 1 0 0
241 25.8784 -5 43.39226 2.048149 4000 0.09891172 0.07912937 0.005286098 0.5 0.3516869 0.3350939 -0.3873678 -0.1570801 1 1 1 0 0
242 26.1784 -5 43.66695 2.746964 4000 0.08846933 0.05934703 0.005054852 0.5 0.3014296 0.3311712 -0.3811218 -0.1356308 1 1 1 0 0
243 26.4784 -5 43.89484 2.278862 4000 0.07912937 0.03956468 0.004807157 0.5 0.3368769 0.3277844 -0.3713437 -0.1042682 1 1 1 0 0
244 26.77839 -5 44.16071 2.658691 4000 0.0656106 0 0.004541828 0.5 0.309808 0.3241977 -0.3628565 -0.05770171 1 1 1 0 0
245 27.07839 -5 44.40267 2.419586 4000 0.05595291 0 0.004259103 0.5 0.3222027 0.3212207 -0.3521687 0.007476991 1 1 1 0 0
246 27.37838 -5 44.66966 2.669907 4000 0.03956468 0.03426402 0.003959218 0.5 0.3116999 0.3176741 -0.3419832 0.04472866 1 1 1 0 0
247 27.67838 -5 44.94464 2.749863 4000 0.01978234 0.05595291 0.003642291 0.5 0.3111036 0.3132066 -0.3318955 0.05410972 1 1 1 0 0
248 27.97838 -5 45.22979 2.851448 4000 0 0.07912937 0.003308678 0.5 0.3063487 0.3082593 -0.3215949 0.0561575 1 1 1 0 0
249 28.27837 -5 45.52065 2.90863 4000 0 0.1046783 0.002958851 0.5 0.3025691 0.302955 -0.3106857 0.05530749 1 1 1 0 0
250 28.57837 -5 45.81736 2.967033 4000 0.03426402 0.1297215 0.002593048 0.5 0.2983772 0.2973019 -0.2990007 0.05338683 1 1 1 0 0
251 28.87836 -5 46.11929 3.019295 4000 0.05595291 0.1557664 0.002211624 0.5 0.2940738 0.2913178 -0.2862723 0.05130451 1 1 1 0 0
252 29.17836 -5 46.42621 3.069267 4000 0.07912937 0.1813082 0.001814814 0.5 0.2896029 0.2849966 -0.2721564 0.04941296 1 1 1 0 0
253 29.47836 -5 46.7379 3.116875 4000 0.1027921 0.2093567 0.001402975 0.5 0.2849889 0.2783506 -0.2561171 0.04778059 1 1 1 0 0
254 29.77835 -5 47.05405 3.161469 4000 0.1312212 0.2390311 0.0009766979 0.5 0.2802215 0.2714049 -0.2372623 0.04638722 1 1 1 0 0
255 30.07835 -5 47.37412 3.200722 4000 0.1570175 0.2668786 0.0005362193 0.5 0.2753422 0.2642617 -0.21389 0.04521244 1 1 1 0 0
256 30.37835 -5 47.69705 3.229294 4000 0.1876719 0.2967354 8.224948E-05 0.5 0.2704264 0.2570961 -0.1825664 0.04427436 1 1 1 0 0
257 30.67834 -5 48.02059 3.235397 4000 0.2185032 0.3274564 -0.0003843832 0.5 0.2656669 0.2502474 -0.1363904 0.04366085 -1 1 1 0 0
258 30.97834 -5 48.34198 3.213882 4000 0.2548778 0.3593647 -0.0008628503 0.5 0.2613637 0.2441553 -0.07024292 0.04351457 -1 1 1 0 0
259 31.27833 -5 48.67056 3.285866 4000 0.2900664 0.3906707 -0.001352442 0.5 0.2569754 0.2388611 -0.02276937 0.04347203 -1 1 1 0 0
260 31.57833 -5 49.01379 3.432312 4000 0.3250574 0.4219727 -0.001852566 0.5 0.2513149 0.2339554 -0.01165462 0.04287694 -1 1 1 0 0
261 31.87832 -5 49.36453 3.507347 4000 0.3626169 0.453703 -0.002362868 0.5 0.2449913 0.2290332 -0.009949205 0.04205215 -1 1 1 0 0
262 32.17832 -5 49.72088 3.563499 4000 0.4020255 0.4857778 -0.002882756 0.5 0.2382602 0.2236881 -0.0111787 0.04117994 -1 1 1 0 0
263 32.47832 -5 50.08209 3.612099 4000 0.4423477 0.5185105 -0.003411401 0.5 0.2312479 0.2178683 -0.01321774 0.04031199 -1 1 1 0 0
264 32.77831 -5 50.44778 3.656921 4000 0.4833549 0.5507191 -0.003948093 0.5 0.2240723 0.2115757 -0.01527159 0.0394672 -1 1 1 0 0
265 33.07831 -5 50.81771 3.699341 4000 0.5263757 0.5845029 -0.004491887 0.5 0.2168955 0.2048476 -0.0171206 0.03865274 -1 1 1 0 0
266 33.37831 -5 51.19166 3.739433 4000 0.5712977 0.6186559 -0.005042071 0.5 0.2099419 0.1977575 -0.01874345 0.0378736 -1 1 0 0 0
267 33.6783 -5 51.56934 3.776779 4000 0.6167554 0.6531205 -0.005597817 0.5 0.2034677 0.1904591 -0.02016005 0.03713743 -1 1 0 0 0
268 33.9783 -5 51.95044 3.810997 4000 0.6629335 0.6881339 -0.006157942 0.5 0.1977234 0.1832062 -0.02138469 0.03645629 -1 0 0 0 0
269 34.27829 -5 52.33494 3.845024 4000 0.7107937 0.7236167 -0.006721735 0.5 0.1923014 0.1763502 -0.02244376 0.03583683 -1 0 0 0 0
270 34.57829 -5 52.72293 3.87989 4000 0.7587299 0.7595032 -0.007288133 0.5 0.1865632 0.1702836 -0.02339362 0.03527792 -1 0 0 0 0
271 34.87829 -5 53.11423 3.913002 4000 0.8067285 0.7957386 -0.007855832 0.5 0.1803849 0.1653427 -0.02426385 0.03478589 -1 0 0 0 0
272 35.17828 -5 53.50874 3.945084 4000 0.8556942 0.8322774 -0.008423649 0.5 0.1737386 0.1616978 -0.02506443 0.03436523 -1 0 0 0 0
273 35.47828 -5 53.9064 3.976669 4000 0.9050379 0.8695317 -0.008990401 0.5 0.166608 0.1592979 -0.02580483 0.03401126 -1 0 0 0 0
274 35.77827 -5 54.30725 4.008484 4000 0.9540861 0.9069818 -0.00955449 0.5 0.1590024 0.1579195 -0.02649587 0.0337115 -1 0 0 0 0
275 36.07827 -5 54.71135 4.040947 4000 1.002882 0.9448116 -0.01011479 0.5 0.1509675 0.1572666 -0.02714783 0.03344969 -1 0 0 0 0
276 36.37827 -5 55.11864 4.072952 4000 1.051274 0.9827783 -0.01066989 0.5 0.1426363 0.1570815 -0.02776781 0.03321433 -1 0 0 0 0
277 36.67826 -5 55.52906 4.104233 4000 1.099495 1.021825 -0.01121824 0.5 0.1342557 0.1571857 -0.0283543 0.03299937 -1 0 0 0 0
278 36.97826 -5 55.94239 4.133301 4000 1.147224 1.061278 -0.01175854 0.5 0.1262233 0.1574677 -0.02889524 0.03280402 -1 0 0 0 0
279 37.27826 -5 56.35838 4.159813 4000 1.194357 1.10074 -0.01228938 0.5 0.1190646 0.1578763 -0.02937238 0.03263283 -1 0 0 0 0
280 37.57825 -5 56.77671 4.18335 4000 1.240804 1.140896 -0.01280944 0.5 0.1132779 0.1583849 -0.02976582 0.03249137 -1 0 0 0 0
281 37.87825 -5 57.19722 4.205055 4000 1.286183 1.181674 -0.01331737 0.5 0.1091534 0.158984 -0.0300658 0.03238347 -1 0 0 0 0
282 38.17825 -5 57.61985 4.226341 4000 1.330457 1.223014 -0.01381194 0.5 0.1066709 0.1596572 -0.03027535 0.03230654 -1 0 0 0 0
283 38.47824 -5 58.0447 4.248466 4000 1.373873 1.264549 -0.01429153 0.5 0.1055275 0.1603819 -0.03041159 0.03225496 -1 0 0 0 0
284 38.77824 -5 58.47187 4.271736 4000 1.415822 1.306861 -0.01475502 0.5 0.1053013 0.1611422 -0.03049699 0.03222059 -1 0 0 0 0
285 39.07823 -5 58.9015 4.296265 4000 1.456428 1.349297 -0.01520101 0.5 0.1056166 0.1619243 -0.03055262 0.03219677 -1 0 0 0 0
286 39.37823 -5 59.33363 4.321289 4000 1.496194 1.392408 -0.01562811 0.5 0.1062057 0.1627156 -0.03059271 0.03217784 -1 0 0 0 0
287 39.67823 -5 59.76826 4.346313 4000 1.534549 1.435859 -0.01603522 0.5 0.1069186 0.1635114 -0.03062566 0.0321611 -1 0 0 0 0
288 39.97822 -5 60.20539 4.371338 4000 1.571594 1.479755 -0.01642096 0.5 0.1076752 0.1643061 -0.03065634 0.03214534 -1 0 0 0 0
289 40.27822 -5 60.64495 4.395638 4000 1.607421 1.524056 -0.01678422 0.5 0.1084443 0.1650989 -0.03068627 0.03212963 -1 0 0 0 0
290 40.57821 -5 61.08688 4.419289 4000 1.642229 1.568353 -0.01712393 0.5 0.1092164 0.1658925 -0.03071599 0.03211389 -1 0 0 0 0
291 40.87821 -5 61.53111 4.442215 4000 1.676431 1.613618 -0.01743896 0.5 0.1099881 0.1666839 -0.03074587 0.03209804 -1 0 0 0 0
292 41.17821 -5 61.97758 4.46476 4000 1.709606 1.658946 -0.01772843 0.5 0.1107552 0.167474 -0.03077571 0.03208224 -1 0 0 0 0
293 41.4782 -5 62.42624 4.486542 4000 1.742261 1.704791 -0.01799157 0.5 0.1115217 0.1682611 -0.03080646 0.03206578 -1 0 0 0 0
294 41.7782 -5 62.87697 4.50737 4000 1.774647 1.750889 -0.01822767 0.5 0.1122896 0.1690511 -0.03083677 0.03205005 -1 0 0 0 0
295 42.07819 -5 63.32978 4.528122 4000 1.806778 1.797656 -0.01843607 0.5 0.1130541 0.1698383 -0.03086768 0.03203375 -1 0 0 0 0
296 42.37819 -5 63.77773 4.479446 4000 1.959246 1.964932 -0.01847755 0.5 0.1134935 0.1704749 -0.03084818 0.0320624 -1 0 0 0 0
297 42.67818 -5 64.22027 4.425392 4000 2.118864 2.139088 -0.01834246 0.5 0.1141006 0.171413 -0.0308964 0.03201694 -1 0 0 0 0
298 42.97818 -5 64.67108 4.508133 4000 2.043347 2.077919 -0.01830613 0.5 0.1151367 0.1721322 -0.030948 0.03199907 -1 0 0 0 0
299 43.27818 -5 65.12731 4.562302 4000 2.016156 2.064785 -0.01831518 0.5 0.116003 0.1729189 -0.03098739 0.03197611 -1 0 0 0 0
300 43.57817 -5 65.58725 4.59938 4000 2.016933 2.078578 -0.01833968 0.5 0.1167644 0.1737408 -0.03102197 0.03195309 -1 0 0 0 0
301 43.87817 -5 66.05 4.627457 4000 2.034132 2.107658 -0.01836264 0.5 0.1175409 0.1745287 -0.03105769 0.03193473 -1 0 0 0 0
302 44.17817 -5 66.515 4.65004 4000 2.061655 2.146031 -0.01837513 0.5 0.1183145 0.1753101 -0.03109249 0.03191644 -1 0 0 0 0
303 44.47816 -5 66.9819 4.669037 4000 2.095925 2.18919 -0.01837211 0.5 0.1190664 0.1760924 -0.03112634 0.03189792 -1 0 0 0 0
304 44.77816 -5 67.45049 4.685822 4000 2.135059 2.235371 -0.01835134 0.5 0.1198122 0.1768706 -0.03116076 0.03187956 -1 0 0 0 0
305 45.07816 -5 67.92059 4.70108 4000 2.178076 2.283534 -0.01831211 0.5 0.1205539 0.1776453 -0.03119484 0.03186151 -1 0 0 0 0
306 45.37815 -5 68.39211 4.715195 4000 2.224576 2.33322 -0.01825424 0.5 0.1212935 0.1784214 -0.03122982 0.03184297 -1 0 0 0 0
307 45.67815 -5 68.86492 4.728088 4000 2.274344 2.383677 -0.01817885 0.5 0.1220289 0.1791954 -0.03126531 0.03182459 -1 0 0 0 0
308 45.97815 -5 69.33897 4.740524 4000 2.327172 2.434617 -0.01808684 0.5 0.1227605 0.1799675 -0.03130101 0.0318058 -1 0 0 0 0
309 46.27814 -5 69.81417 4.751968 4000 2.382774 2.486246 -0.01798015 0.5 0.1234901 0.1807382 -0.03133674 0.03178695 -1 0 0 0 0
310 46.57814 -5 70.29044 4.762726 4000 2.44096 2.538059 -0.01786045 0.5 0.1242186 0.1815104 -0.03137315 0.03176788 -1 0 0 0 0
311 46.87813 -5 70.76775 4.773026 4000 2.501863 2.590423 -0.01772968 0.5 0.1249449 0.18228 -0.03141047 0.03174863 -1 0 0 0 0
312 47.17813 -5 71.24599 4.782486 4000 2.56529 2.64301 -0.01759015 0.5 0.1256678 0.1830498 -0.03144778 0.0317294 -1 0 0 0 0
313 47.47812 -5 71.72513 4.791336 4000 2.63091 2.696241 -0.01744411 0.5 0.1263887 0.1838187 -0.03148562 0.03170951 -1 0 0 0 0
314 47.77812 -5 72.2051 4.799728 4000 2.698636 2.749653 -0.01729411 0.5 0.1271077 0.1845861 -0.03152379 0.03168961 -1 0 0 0 0
315 48.07812 -5 72.68582 4.807205 4000 2.767747 2.803236 -0.01714322 0.5 0.1278253 0.1853534 -0.03156274 0.03166967 -1 0 0 0 0
316 48.37811 -5 73.16726 4.814377 4000 2.838418 2.857458 -0.01699369 0.5 0.1285392 0.1861189 -0.03160236 0.03164915 -1 0 0 0 0
317 48.67811 -5 73.64931 4.82048 4000 2.909864 2.911747 -0.01684896 0.5 0.1292521 0.186885 -0.03164218 0.03162865 -1 0 0 0 0
318 48.9781 -5 74.13194 4.826355 4000 2.981569 2.966363 -0.01671185 0.5 0.1299632 0.1876499 -0.03168281 0.03160774 -1 0 0 0 0
319 49.2781 -5 74.61507 4.831314 4000 3.053642 3.021419 -0.01658546 0.5 0.1306707 0.1884144 -0.03172368 0.03158664 -1 0 0 0 0
320 49.5781 -5 75.09866 4.835815 4000 3.125246 3.076635 -0.01647292 0.5 0.1313784 0.1891801 -0.0317649 0.03156579 -1 0 0 0 0
321 49.87809 -5 75.58262 4.83963 4000 3.195798 3.132191 -0.01637771 0.5 0.1320834 0.1899432 -0.03180707 0.0315442 -1 0 0 0 0
322 50.1781 -5 76.06692 4.842987 4000 3.264947 3.187886 -0.01630303 0.5 0.1327853 0.1907068 -0.03184953 0.03152276 -1 0 0 0 0
323 50.47811 -5 76.55148 4.845581 4000 3.332899 3.244134 -0.01625191 0.5 0.133487 0.1914692 -0.03189268 0.03150072 -1 0 0 0 0
324 50.77813 -5 77.03622 4.847488 4000 3.398457 3.300492 -0.01622759 0.5 0.1341857 0.1922323 -0.03193673 0.03147847 -1 0 0 0 0
325 51.07814 -5 77.52113 4.849091 4000 3.461814 3.357072 -0.0162335 0.5 0.1348814 0.1929931 -0.03198129 0.03145593 -1 0 0 0 0
326 51.37815 -5 78.0061 4.849701 4000 3.522645 3.414206 -0.01627244 0.5 0.1355762 0.1937541 -0.03202631 0.03143356 -1 0 0 0 0
327 51.67817 -5 78.4911 4.84993 4000 3.580366 3.471303 -0.01634759 0.5 0.1362713 0.1945176 -0.03207188 0.03141064 -1 0 0 0 0
328 51.97818 -5 78.97606 4.849625 4000 3.635666 3.52892 -0.01646173 0.5 0.1369621 0.1952776 -0.03211821 0.0313876 -1 0 0 0 0
329 52.2782 -5 79.46091 4.84848 4000 3.687802 3.586595 -0.01661765 0.5 0.1376522 0.1960394 -0.03216495 0.03136433 -1 0 0 0 0
330 52.57821 -5 79.94562 4.847107 4000 3.737431 3.644487 -0.01681771 0.5 0.1383403 0.1968004 -0.03221273 0.03134049 -1 0 0 0 0
331 52.87822 -5 80.43011 4.844971 4000 3.784445 3.702692 -0.01706434 0.5 0.1390256 0.19756 -0.03226103 0.03131687 -1 0 0 0 0
332 53.17824 -5 80.91431 4.841995 4000 3.829401 3.761506 -0.01735932 0.5 0.1397098 0.1983202 -0.03230997 0.03129268 -1 0 0 0 0
333 53.47825 -5 81.39818 4.838638 4000 3.872369 3.820185 -0.01770476 0.5 0.1403921 0.1990804 -0.03235981 0.03126835 -1 0 0 0 0
334 53.77827 -5 81.88165 4.834671 4000 3.913766 3.87924 -0.01810211 0.5 0.141073 0.1998402 -0.03241013 0.03124366 -1 0 0 0 0
335 54.07828 -5 82.36466 4.83017 4000 3.954235 3.938405 -0.01855258 0.5 0.1417507 0.2006003 -0.03246155 0.03121889 -1 0 1 0 0
336 54.3783 -5 82.84714 4.824753 4000 3.994539 3.998068 -0.01905667 0.5 0.1424281 0.2013595 -0.03251304 0.03119381 -1 0 1 0 0
337 54.67831 -5 83.32905 4.819107 4000 4.035025 4.057819 -0.01961502 0.5 0.1431041 0.20212 -0.03256558 0.03116854 -2 0 1 0 0
338 54.97832 -5 83.81033 4.812775 4000 4.076262 4.117895 -0.02022793 0.5 0.143777 0.2028796 -0.0326189 0.03114255 -2 0 1 0 0
339 55.27834 -5 84.29089 4.805679 4000 4.118989 4.178045 -0.02089486 0.5 0.144451 0.2036403 -0.03267312 0.03111673 -2 0 1 0 0
340 55.57835 -5 84.77074 4.798508 4000 4.163724 4.238452 -0.02161534 0.5 0.1451238 0.2044008 -0.03272815 0.0310904 -2 0 1 0 0
341 55.87836 -5 85.24978 4.790344 4000 4.211056 4.29906 -0.02238813 0.5 0.1457907 0.2051616 -0.03278391 0.03106403 -2 0 1 0 0
342 56.17838 -5 85.72794 4.78157 4000 4.261632 4.36013 -0.02321145 0.5 0.1464595 0.2059219 -0.03284034 0.0310373 -2 0 1 0 0
343 56.47839 -5 86.20519 4.772568 4000 4.315611 4.421066 -0.02408366 0.5 0.147126 0.2066838 -0.03289744 0.03101042 -2 0 1 0 0
344 56.77841 -5 86.68148 4.762878 4000 4.373541 4.482487 -0.02500195 0.5 0.1477907 0.2074449 -0.03295583 0.03098298 -2 0 1 0 0
345 57.07842 -5 87.15674 4.752579 4000 4.435486 4.544028 -0.02596368 0.5 0.1484539 0.2082061 -0.03301465 0.03095561 -2 0 1 0 0
346 57.37843 -5 87.63091 4.741669 4000 4.501412 4.605726 -0.02696546 0.5 0.1491167 0.2089687 -0.03307461 0.0309278 -2 0 1 0 0
347 57.67845 -5 88.10392 4.730148 4000 4.571362 4.667659 -0.02800364 0.5 0.1497766 0.2097312 -0.03313529 0.03089973 -2 0 1 0 0
348 57.97846 -5 88.57574 4.718246 4000 4.645111 4.729902 -0.02907395 0.5 0.1504371 0.2104936 -0.03319703 0.03087141 -2 0 1 0 0
349 58.27848 -5 89.04633 4.705811 4000 4.722233 4.792318 -0.03017213 0.5 0.1510953 0.211257 -0.03325943 0.03084286 -2 0 1 0 0
350 58.57849 -5 89.51561 4.692841 4000 4.802323 4.854903 -0.03129333 0.5 0.1517517 0.2120202 -0.03332307 0.03081397 -2 0 1 0 0
351 58.87851 -5 89.98351 4.679031 4000 4.884633 4.91765 -0.03243263 0.5 0.1524061 0.2127838 -0.03338732 0.03078483 -2 0 1 0 0
352 59.17852 -5 90.45002 4.66507 4000 4.968539 4.980591 -0.03358442 0.5 0.1530606 0.2135488 -0.03345266 0.03075545 -2 0 1 0 0
353 59.47853 -5 90.91507 4.650497 4000 5.053306 5.043797 -0.03474331 0.5 0.1537138 0.2143146 -0.0335191 0.03072572 -2 0 1 0 0
354 59.77855 -5 91.37862 4.635544 4000 5.137897 5.107144 -0.03590367 0.5 0.1543643 0.2150808 -0.03358649 0.03069557 -2 0 1 0 0
355 60.07856 -5 91.84056 4.61937 4000 5.221684 5.170778 -0.03705955 0.5 0.1550161 0.2158477 -0.0336543 0.03066554 -2 0 1 0 0
356 60.32857 -5 91.84056 4.61937 4000 10.01824 9.951965 -0.03801512 0.5 0.1590698 0.2197467 -0.02941105 0.03467344 -3 0 1 0 0
